

Software Version	3.10.06



Experiment File Path:	C:\Users\BioTek\Desktop\Brian\20210321-WT-S39P-R40Wvsall3CL.xpt
Protocol File Path:	C:\Users\Public\Documents\Protocols\HEKBlue-every5min-for-2hours.prt



Plate Number	Plate 1
Date	3/21/2021
Time	1:01:02 PM
Reader Type:	Cytation5
Reader Serial Number:	1610143
Reading Type	Reader

Procedure Details

Plate Type	96 WELL PLATE
Eject plate on completion	
Set Temperature	Setpoint 37°C, Gradient 0 °C
	Preheat before moving to next step
Start Kinetic	Runtime 2:00:00 (HH:MM:SS), Interval 0:05:00, 25 Reads
    Read	Absorbance Endpoint
	Full Plate
	Wavelengths:  655
	Read Speed: Normal,  Delay: 100 msec,  Measurements/Data Point: 8
End Kinetic	

655

Time	T° 655	A1	A2	A3	A4	A5	A6	A7	A8	A9	A10	A11	A12	B1	B2	B3	B4	B5	B6	B7	B8	B9	B10	B11	B12	C1	C2	C3	C4	C5	C6	C7	C8	C9	C10	C11	C12	D1	D2	D3	D4	D5	D6	D7	D8	D9	D10	D11	D12	E1	E2	E3	E4	E5	E6	E7	E8	E9	E10	E11	E12	F1	F2	F3	F4	F5	F6	F7	F8	F9	F10	F11	F12	G1	G2	G3	G4	G5	G6	G7	G8	G9	G10	G11	G12	H1	H2	H3	H4	H5	H6	H7	H8	H9	H10	H11	H12
0:00:00	37.0	0.152	0.069	0.070	0.066	0.069	0.065	0.066	0.067	0.066	0.068	0.069	0.075	0.067	0.067	0.087	0.120	0.086	0.122	0.118	0.103	0.101	0.123	0.156	0.070	0.067	0.067	0.086	0.115	0.090	0.133	0.113	0.123	0.106	0.138	0.124	0.070	0.068	0.067	0.070	0.096	0.071	0.102	0.074	0.091	0.071	0.070	0.070	0.068	0.068	0.068	0.080	0.084	0.107	0.094	0.100	0.079	0.092	0.068	0.067	0.066	0.069	0.069	0.071	0.091	0.088	0.091	0.083	0.080	0.077	0.066	0.066	0.067	0.070	0.067	0.068	0.089	0.078	0.094	0.081	0.081	0.074	0.069	0.066	0.069	0.084	0.069	0.070	0.066	0.070	0.067	0.066	0.069	0.066	0.069	0.068	0.070
0:05:00	37.0	0.314	0.078	0.077	0.072	0.077	0.073	0.072	0.074	0.073	0.076	0.075	0.120	0.067	0.071	0.165	0.250	0.165	0.254	0.252	0.213	0.210	0.265	0.328	0.075	0.074	0.071	0.168	0.247	0.174	0.291	0.242	0.267	0.224	0.304	0.273	0.074	0.074	0.072	0.104	0.224	0.122	0.241	0.142	0.209	0.116	0.107	0.101	0.073	0.075	0.072	0.181	0.196	0.273	0.227	0.251	0.180	0.228	0.073	0.074	0.070	0.074	0.073	0.141	0.242	0.241	0.251	0.216	0.198	0.185	0.070	0.069	0.071	0.079	0.071	0.110	0.290	0.222	0.314	0.235	0.243	0.169	0.071	0.068	0.074	0.318	0.079	0.075	0.071	0.074	0.071	0.071	0.073	0.070	0.073	0.074	0.176
0:10:00	37.0	0.489	0.103	0.098	0.090	0.096	0.091	0.091	0.092	0.091	0.091	0.095	0.185	0.067	0.083	0.254	0.382	0.252	0.385	0.385	0.326	0.323	0.400	0.487	0.092	0.093	0.081	0.261	0.383	0.266	0.444	0.371	0.407	0.346	0.466	0.426	0.084	0.093	0.087	0.153	0.352	0.186	0.378	0.222	0.330	0.178	0.161	0.148	0.086	0.093	0.084	0.290	0.313	0.429	0.359	0.398	0.286	0.375	0.085	0.090	0.081	0.095	0.086	0.227	0.392	0.391	0.404	0.353	0.321	0.302	0.080	0.080	0.085	0.106	0.085	0.174	0.502	0.386	0.532	0.406	0.420	0.288	0.076	0.074	0.091	0.544	0.106	0.092	0.086	0.088	0.085	0.085	0.086	0.083	0.086	0.095	0.311
0:15:00	37.0	0.622	0.134	0.123	0.112	0.119	0.114	0.113	0.114	0.114	0.109	0.118	0.257	0.069	0.098	0.344	0.504	0.339	0.507	0.506	0.434	0.430	0.504	0.596	0.113	0.116	0.095	0.355	0.514	0.357	0.585	0.496	0.537	0.464	0.622	0.581	0.099	0.116	0.106	0.206	0.473	0.253	0.503	0.303	0.443	0.243	0.221	0.200	0.104	0.116	0.101	0.395	0.425	0.565	0.482	0.531	0.389	0.518	0.102	0.111	0.096	0.120	0.105	0.315	0.524	0.523	0.535	0.478	0.437	0.415	0.093	0.097	0.105	0.137	0.104	0.243	0.703	0.545	0.737	0.574	0.593	0.410	0.085	0.084	0.113	0.674	0.138	0.114	0.107	0.107	0.104	0.104	0.104	0.101	0.104	0.121	0.445
0:20:00	37.0	0.713	0.165	0.149	0.136	0.144	0.138	0.136	0.137	0.136	0.128	0.143	0.328	0.071	0.115	0.431	0.612	0.421	0.611	0.606	0.530	0.524	0.580	0.681	0.136	0.140	0.111	0.447	0.634	0.445	0.704	0.609	0.650	0.570	0.752	0.721	0.116	0.141	0.126	0.259	0.581	0.320	0.611	0.382	0.544	0.309	0.282	0.254	0.123	0.141	0.119	0.493	0.529	0.664	0.596	0.647	0.486	0.655	0.121	0.134	0.113	0.147	0.125	0.399	0.621	0.620	0.628	0.587	0.542	0.522	0.109	0.115	0.126	0.170	0.123	0.313	0.888	0.698	0.920	0.732	0.754	0.529	0.096	0.096	0.135	0.766	0.171	0.138	0.130	0.128	0.125	0.125	0.125	0.121	0.125	0.149	0.570
0:25:00	37.0	0.787	0.196	0.175	0.159	0.169	0.161	0.160	0.159	0.159	0.148	0.167	0.396	0.074	0.132	0.512	0.700	0.498	0.691	0.684	0.614	0.604	0.643	0.754	0.159	0.166	0.127	0.536	0.746	0.528	0.797	0.711	0.741	0.672	0.865	0.858	0.133	0.165	0.146	0.310	0.672	0.384	0.697	0.456	0.628	0.371	0.345	0.310	0.143	0.166	0.137	0.586	0.626	0.744	0.698	0.738	0.577	0.786	0.142	0.159	0.131	0.174	0.145	0.479	0.697	0.698	0.704	0.670	0.634	0.621	0.124	0.133	0.147	0.203	0.143	0.383	1.051	0.840	1.067	0.882	0.909	0.648	0.109	0.109	0.158	0.839	0.204	0.164	0.153	0.151	0.148	0.148	0.146	0.142	0.147	0.178	0.679
0:30:00	37.0	0.850	0.226	0.200	0.182	0.193	0.184	0.183	0.182	0.182	0.170	0.191	0.459	0.076	0.149	0.588	0.775	0.568	0.761	0.752	0.684	0.669	0.698	0.820	0.181	0.191	0.144	0.622	0.847	0.610	0.885	0.800	0.821	0.765	0.964	0.983	0.151	0.189	0.166	0.360	0.750	0.446	0.773	0.525	0.699	0.432	0.407	0.363	0.163	0.191	0.155	0.670	0.716	0.816	0.784	0.815	0.657	0.909	0.164	0.186	0.150	0.201	0.165	0.551	0.762	0.763	0.769	0.742	0.713	0.712	0.140	0.151	0.168	0.235	0.163	0.451	1.179	0.970	1.189	1.016	1.044	0.757	0.122	0.123	0.180	0.899	0.236	0.190	0.178	0.175	0.172	0.172	0.168	0.164	0.169	0.207	0.772
0:35:00	37.1	0.905	0.256	0.226	0.205	0.218	0.208	0.206	0.205	0.204	0.191	0.215	0.519	0.074	0.165	0.658	0.844	0.632	0.826	0.816	0.747	0.729	0.749	0.884	0.203	0.216	0.161	0.703	0.937	0.689	0.970	0.883	0.899	0.853	1.062	1.101	0.171	0.213	0.185	0.407	0.821	0.504	0.843	0.588	0.761	0.488	0.471	0.420	0.184	0.215	0.173	0.750	0.799	0.881	0.862	0.891	0.733	1.026	0.188	0.213	0.170	0.227	0.184	0.617	0.817	0.819	0.825	0.803	0.779	0.798	0.156	0.168	0.189	0.267	0.182	0.516	1.290	1.086	1.298	1.134	1.164	0.857	0.136	0.138	0.203	0.952	0.269	0.216	0.203	0.199	0.196	0.197	0.191	0.187	0.191	0.237	0.852
0:40:00	37.0	0.955	0.285	0.251	0.227	0.242	0.231	0.230	0.229	0.227	0.212	0.238	0.573	0.068	0.181	0.725	0.909	0.692	0.890	0.879	0.805	0.782	0.797	0.946	0.225	0.242	0.178	0.781	1.022	0.763	1.053	0.963	0.977	0.940	1.163	1.211	0.189	0.235	0.205	0.453	0.891	0.560	0.912	0.647	0.818	0.539	0.532	0.475	0.205	0.240	0.191	0.828	0.877	0.947	0.939	0.964	0.803	1.131	0.212	0.242	0.189	0.252	0.203	0.680	0.870	0.875	0.879	0.864	0.844	0.879	0.172	0.184	0.209	0.298	0.201	0.580	1.397	1.196	1.403	1.246	1.274	0.953	0.151	0.154	0.225	1.001	0.301	0.241	0.228	0.222	0.220	0.220	0.213	0.209	0.211	0.268	0.925
0:45:00	37.1	1.004	0.315	0.276	0.250	0.266	0.255	0.253	0.253	0.250	0.233	0.262	0.624	0.068	0.198	0.790	0.978	0.752	0.959	0.945	0.866	0.835	0.842	1.009	0.247	0.269	0.195	0.856	1.105	0.840	1.139	1.046	1.056	1.025	1.260	1.313	0.206	0.258	0.224	0.496	0.959	0.614	0.981	0.702	0.873	0.587	0.592	0.530	0.226	0.265	0.209	0.905	0.955	1.017	1.018	1.043	0.876	1.235	0.238	0.274	0.208	0.276	0.220	0.739	0.920	0.926	0.932	0.923	0.911	0.962	0.190	0.200	0.228	0.330	0.221	0.640	1.490	1.293	1.501	1.348	1.374	1.042	0.167	0.170	0.248	1.054	0.333	0.267	0.252	0.245	0.244	0.244	0.235	0.231	0.228	0.301	1.001
0:50:00	37.1	1.053	0.343	0.300	0.273	0.290	0.278	0.277	0.276	0.274	0.253	0.286	0.675	0.070	0.214	0.855	1.049	0.813	1.030	1.015	0.930	0.892	0.889	1.073	0.268	0.295	0.213	0.930	1.188	0.913	1.218	1.125	1.134	1.107	1.346	1.402	0.223	0.280	0.243	0.538	1.030	0.668	1.055	0.757	0.929	0.634	0.652	0.586	0.249	0.290	0.227	0.981	1.033	1.089	1.095	1.119	0.948	1.331	0.264	0.304	0.227	0.299	0.238	0.799	0.978	0.985	0.991	0.987	0.981	1.043	0.208	0.215	0.248	0.363	0.242	0.699	1.584	1.384	1.581	1.444	1.475	1.129	0.184	0.187	0.273	1.119	0.367	0.292	0.275	0.268	0.267	0.268	0.254	0.258	0.249	0.333	1.077
0:55:00	36.9	1.099	0.371	0.325	0.296	0.314	0.301	0.300	0.299	0.297	0.272	0.311	0.729	0.073	0.230	0.921	1.123	0.875	1.100	1.086	0.998	0.952	0.941	1.137	0.290	0.323	0.232	1.000	1.269	0.985	1.296	1.206	1.214	1.190	1.433	1.487	0.239	0.303	0.262	0.580	1.100	0.723	1.128	0.813	0.988	0.681	0.708	0.639	0.270	0.317	0.247	1.058	1.113	1.170	1.175	1.201	1.023	1.423	0.291	0.336	0.244	0.323	0.255	0.859	1.038	1.046	1.054	1.053	1.052	1.122	0.227	0.230	0.270	0.396	0.263	0.753	1.662	1.462	1.647	1.531	1.567	1.215	0.201	0.205	0.297	1.198	0.399	0.317	0.298	0.291	0.289	0.287	0.268	0.270	0.256	0.363	1.156
1:00:00	37.0	1.145	0.397	0.349	0.318	0.336	0.323	0.321	0.319	0.320	0.294	0.337	0.783	0.075	0.246	0.983	1.190	0.936	1.165	1.151	1.065	1.016	1.000	1.192	0.312	0.353	0.250	1.064	1.339	1.052	1.381	1.280	1.284	1.270	1.518	1.566	0.253	0.325	0.282	0.621	1.170	0.779	1.203	0.871	1.051	0.730	0.765	0.693	0.292	0.345	0.267	1.133	1.190	1.256	1.253	1.294	1.099	1.509	0.321	0.372	0.258	0.347	0.274	0.921	1.107	1.120	1.132	1.130	1.131	1.206	0.247	0.246	0.292	0.431	0.285	0.807	1.750	1.537	1.712	1.620	1.667	1.293	0.225	0.221	0.323	1.312	0.433	0.344	0.322	0.317	0.311	0.310	0.275	0.283	0.268	0.394	1.248
1:05:00	37.0	1.187	0.422	0.373	0.339	0.359	0.343	0.343	0.340	0.342	0.314	0.362	0.836	0.080	0.263	1.047	1.258	1.000	1.227	1.220	1.137	1.086	1.066	1.243	0.334	0.381	0.270	1.125	1.412	1.117	1.464	1.356	1.361	1.347	1.599	1.635	0.268	0.348	0.301	0.662	1.233	0.835	1.268	0.930	1.117	0.780	0.818	0.744	0.314	0.374	0.288	1.205	1.266	1.340	1.327	1.384	1.176	1.584	0.348	0.394	0.265	0.372	0.293	0.980	1.169	1.193	1.208	1.208	1.205	1.283	0.269	0.265	0.314	0.466	0.307	0.856	1.850	1.600	1.792	1.700	1.745	1.335	0.235	0.225	0.344	1.430	0.465	0.370	0.346	0.341	0.329	0.330	0.289	0.298	0.300	0.421	1.336
1:10:00	37.0	1.233	0.448	0.394	0.358	0.379	0.363	0.362	0.360	0.363	0.333	0.385	0.884	0.084	0.278	1.099	1.310	1.056	1.272	1.274	1.196	1.144	1.120	1.291	0.355	0.411	0.288	1.179	1.473	1.173	1.534	1.426	1.430	1.417	1.676	1.700	0.282	0.369	0.320	0.702	1.287	0.888	1.331	0.989	1.183	0.832	0.869	0.795	0.336	0.404	0.309	1.274	1.336	1.420	1.390	1.464	1.250	1.651	0.375	0.411	0.279	0.399	0.314	1.036	1.234	1.263	1.281	1.295	1.272	1.351	0.292	0.285	0.336	0.502	0.329	0.902	1.937	1.653	1.889	1.772	1.782	1.380	0.240	0.226	0.360	1.540	0.495	0.396	0.371	0.366	0.347	0.349	0.312	0.302	0.326	0.446	1.424
1:15:00	37.0	1.284	0.478	0.413	0.376	0.395	0.380	0.379	0.379	0.384	0.353	0.407	0.935	0.087	0.294	1.155	1.360	1.112	1.327	1.337	1.259	1.204	1.168	1.352	0.378	0.443	0.305	1.233	1.538	1.231	1.609	1.507	1.501	1.484	1.748	1.753	0.294	0.390	0.339	0.741	1.339	0.941	1.396	1.044	1.245	0.882	0.916	0.839	0.357	0.434	0.332	1.341	1.404	1.497	1.451	1.537	1.318	1.707	0.398	0.426	0.287	0.425	0.335	1.091	1.305	1.339	1.357	1.383	1.341	1.423	0.316	0.307	0.352	0.537	0.351	0.951	1.979	1.702	1.986	1.809	1.817	1.412	0.238	0.236	0.369	1.636	0.525	0.421	0.395	0.383	0.357	0.360	0.344	0.311	0.339	0.469	1.513
1:20:00	37.1	1.335	0.499	0.435	0.391	0.413	0.398	0.396	0.398	0.403	0.371	0.429	0.972	0.090	0.309	1.201	1.405	1.161	1.379	1.388	1.310	1.252	1.204	1.413	0.398	0.474	0.323	1.279	1.589	1.275	1.667	1.572	1.559	1.541	1.808	1.790	0.307	0.412	0.357	0.776	1.397	0.989	1.452	1.093	1.297	0.926	0.956	0.877	0.375	0.465	0.354	1.401	1.464	1.562	1.506	1.601	1.382	1.746	0.406	0.438	0.285	0.451	0.356	1.147	1.380	1.414	1.425	1.458	1.403	1.478	0.336	0.330	0.363	0.569	0.371	0.997	1.998	1.728	2.050	1.826	1.824	1.436	0.245	0.243	0.379	1.706	0.554	0.441	0.417	0.404	0.349	0.371	0.366	0.338	0.379	0.491	1.601
1:25:00	37.0	1.384	0.513	0.452	0.405	0.434	0.414	0.416	0.411	0.426	0.384	0.448	1.005	0.092	0.326	1.249	1.466	1.210	1.442	1.447	1.367	1.302	1.258	1.480	0.418	0.503	0.343	1.328	1.647	1.325	1.736	1.634	1.624	1.597	1.864	1.826	0.325	0.434	0.376	0.812	1.464	1.041	1.525	1.148	1.359	0.977	1.002	0.922	0.393	0.500	0.378	1.459	1.525	1.630	1.572	1.667	1.442	1.794	0.426	0.456	0.296	0.480	0.377	1.197	1.448	1.482	1.493	1.525	1.469	1.532	0.355	0.353	0.374	0.605	0.394	1.038	2.026	1.760	2.082	1.835	1.838	1.470	0.254	0.258	0.388	1.792	0.582	0.443	0.438	0.413	0.364	0.368	0.400	0.357	0.399	0.528	1.659
1:30:00	37.0	1.439	0.535	0.471	0.419	0.448	0.434	0.433	0.433	0.437	0.408	0.470	1.046	0.095	0.340	1.290	1.521	1.256	1.498	1.501	1.419	1.350	1.320	1.544	0.437	0.533	0.363	1.369	1.699	1.369	1.796	1.686	1.691	1.658	1.927	1.864	0.327	0.454	0.392	0.843	1.520	1.082	1.580	1.191	1.411	1.019	1.039	0.958	0.408	0.527	0.400	1.512	1.579	1.687	1.629	1.723	1.496	1.826	0.444	0.486	0.303	0.508	0.397	1.243	1.509	1.541	1.558	1.582	1.530	1.576	0.372	0.374	0.387	0.631	0.415	1.075	2.053	1.791	2.113	1.853	1.866	1.500	0.262	0.271	0.393	1.870	0.608	0.468	0.456	0.429	0.374	0.379	0.412	0.394	0.414	0.544	1.708
1:35:00	37.0	1.497	0.550	0.487	0.433	0.467	0.444	0.448	0.447	0.461	0.428	0.486	1.077	0.099	0.356	1.331	1.579	1.302	1.556	1.558	1.472	1.404	1.386	1.611	0.456	0.562	0.380	1.414	1.750	1.412	1.852	1.727	1.753	1.702	1.978	1.895	0.352	0.477	0.408	0.873	1.579	1.127	1.640	1.241	1.469	1.064	1.079	0.994	0.410	0.548	0.422	1.558	1.628	1.742	1.684	1.778	1.548	1.850	0.455	0.487	0.307	0.532	0.415	1.282	1.568	1.597	1.623	1.638	1.587	1.614	0.385	0.395	0.396	0.658	0.435	1.106	2.080	1.818	2.139	1.868	1.900	1.532	0.275	0.280	0.399	1.945	0.635	0.502	0.484	0.429	0.402	0.402	0.435	0.411	0.433	0.567	1.742
1:40:00	37.1	1.570	0.566	0.505	0.447	0.488	0.480	0.471	0.458	0.475	0.436	0.507	1.111	0.102	0.372	1.370	1.632	1.344	1.611	1.613	1.517	1.457	1.452	1.673	0.475	0.586	0.396	1.451	1.789	1.448	1.898	1.757	1.803	1.739	2.014	1.917	0.382	0.499	0.423	0.900	1.632	1.168	1.695	1.282	1.519	1.104	1.111	1.022	0.416	0.583	0.445	1.600	1.667	1.794	1.735	1.828	1.593	1.877	0.474	0.503	0.326	0.560	0.433	1.317	1.627	1.654	1.686	1.692	1.631	1.656	0.399	0.413	0.410	0.678	0.455	1.135	2.103	1.848	2.156	1.894	1.921	1.566	0.290	0.295	0.405	2.022	0.660	0.497	0.494	0.436	0.433	0.421	0.459	0.437	0.454	0.590	1.778
1:45:00	37.0	1.641	0.581	0.520	0.459	0.493	0.487	0.480	0.483	0.475	0.467	0.520	1.133	0.106	0.387	1.404	1.678	1.380	1.662	1.659	1.553	1.499	1.513	1.731	0.493	0.609	0.406	1.484	1.823	1.479	1.942	1.788	1.850	1.776	2.047	1.936	0.404	0.521	0.438	0.928	1.683	1.206	1.746	1.323	1.568	1.141	1.141	1.049	0.418	0.613	0.465	1.639	1.710	1.843	1.778	1.881	1.641	1.903	0.488	0.523	0.342	0.570	0.449	1.354	1.685	1.706	1.742	1.738	1.673	1.684	0.410	0.430	0.419	0.694	0.473	1.165	2.132	1.878	2.174	1.923	1.954	1.601	0.307	0.312	0.412	2.096	0.683	0.524	0.516	0.446	0.454	0.442	0.483	0.450	0.474	0.617	1.794
1:50:00	37.1	1.688	0.598	0.535	0.476	0.519	0.496	0.503	0.489	0.503	0.475	0.536	1.167	0.109	0.403	1.433	1.714	1.409	1.703	1.696	1.589	1.538	1.565	1.780	0.511	0.622	0.420	1.514	1.849	1.508	1.969	1.815	1.886	1.806	2.071	1.952	0.426	0.544	0.453	0.952	1.723	1.244	1.790	1.357	1.608	1.175	1.164	1.070	0.430	0.629	0.482	1.669	1.744	1.889	1.811	1.920	1.677	1.935	0.503	0.542	0.367	0.586	0.463	1.383	1.734	1.759	1.794	1.775	1.710	1.717	0.419	0.444	0.430	0.716	0.490	1.193	2.155	1.904	2.200	1.953	1.979	1.625	0.321	0.329	0.423	2.158	0.703	0.550	0.526	0.479	0.473	0.474	0.500	0.463	0.496	0.630	1.819
1:55:00	37.0	1.752	0.625	0.550	0.484	0.554	0.525	0.523	0.515	0.530	0.495	0.554	1.201	0.113	0.419	1.465	1.752	1.446	1.752	1.743	1.634	1.581	1.626	1.840	0.529	0.640	0.435	1.547	1.886	1.544	2.009	1.856	1.927	1.840	2.098	1.979	0.445	0.579	0.467	0.974	1.757	1.277	1.831	1.389	1.646	1.208	1.193	1.095	0.441	0.657	0.500	1.695	1.773	1.927	1.843	1.955	1.715	1.970	0.516	0.558	0.399	0.610	0.479	1.414	1.785	1.811	1.850	1.818	1.756	1.756	0.434	0.461	0.444	0.745	0.505	1.222	2.176	1.929	2.229	1.974	1.999	1.644	0.332	0.343	0.431	2.230	0.736	0.559	0.526	0.497	0.498	0.490	0.512	0.486	0.515	0.648	1.848
2:00:00	37.0	1.798	0.656	0.566	0.505	0.547	0.528	0.539	0.526	0.531	0.507	0.571	1.231	0.117	0.434	1.497	1.786	1.479	1.790	1.779	1.664	1.615	1.676	1.893	0.545	0.655	0.450	1.575	1.914	1.573	2.041	1.894	1.960	1.873	2.123	2.004	0.463	0.589	0.480	1.001	1.797	1.310	1.867	1.427	1.687	1.240	1.218	1.115	0.452	0.675	0.515	1.728	1.808	1.968	1.882	1.997	1.758	1.997	0.531	0.587	0.428	0.622	0.493	1.445	1.830	1.851	1.889	1.846	1.788	1.779	0.445	0.474	0.459	0.765	0.515	1.248	2.196	1.955	2.242	1.989	2.015	1.661	0.349	0.359	0.440	2.276	0.756	0.569	0.534	0.524	0.520	0.512	0.534	0.504	0.530	0.666	1.866

Results
	1	2	3	4	5	6	7	8	9	10	11	12
A	34.880	6.240	5.220	4.660	6.920	7.200	4.740	5.220	5.600	6.220	5.060	14.320	Max V [655]
	1.000	1.000	1.000	1.000	1.000	1.000	1.000	1.000	1.000	1.000	1.000	1.000	R-Squared [655]
	0:07:30	0:22:30	0:22:30	0:22:30	1:52:30	1:37:30	0:42:30	1:52:30	1:47:30	1:42:30	0:52:30	0:12:30	t at Max V [655]
	0:00:22	0:04:38	0:04:50	0:05:04	0:44:57	0:42:24	0:05:25	0:29:11	0:31:49	0:40:54	0:07:00	0:02:17	Lagtime [655]
B	-1.200	3.380	18.040	26.360	17.420	26.300	26.640	22.760	22.600	28.520	34.460	4.560	Max V [655]
	1.000	1.000	1.000	1.000	1.000	1.000	1.000	1.000	1.000	1.000	1.000	1.000	R-Squared [655]
	0:37:30	0:22:30	0:12:30	0:07:30	0:12:30	0:02:30	0:02:30	0:07:30	0:07:30	0:02:30	0:02:30	0:22:30	t at Max V [655]
	0:40:30	0:05:39	0:00:44	0:00:04	0:00:29	0:00:00	0:00:00	0:00:11	0:00:11	0:00:00	0:00:00	0:05:33	Lagtime [655]
C	6.400	4.140	18.880	27.180	18.360	31.640	25.880	28.880	24.240	33.300	31.080	5.940	Max V [655]
	1.000	1.000	1.000	1.000	1.000	1.000	1.000	1.000	1.000	1.000	1.000	1.000	R-Squared [655]
	1:12:30	1:22:30	0:12:30	0:07:30	0:07:30	0:02:30	0:07:30	0:02:30	0:07:30	0:02:30	0:12:30	1:37:30	t at Max V [655]
	0:16:08	0:18:10	0:00:45	0:00:08	0:00:26	0:00:00	0:00:02	0:00:00	0:00:07	0:00:00	0:00:17	0:47:33	Lagtime [655]
D	6.980	4.020	10.560	25.640	13.440	27.880	16.320	24.200	13.140	12.780	11.360	4.480	Max V [655]
	1.000	1.000	1.000	1.000	1.000	1.000	1.000	1.000	1.000	1.000	1.000	1.000	R-Squared [655]
	1:52:30	0:22:30	0:17:30	0:07:30	0:12:30	0:02:30	0:12:30	0:07:30	0:12:30	0:32:30	0:32:30	0:47:30	t at Max V [655]
	0:41:49	0:05:13	0:02:07	0:00:01	0:01:26	0:00:00	0:00:58	0:00:06	0:01:52	0:03:38	0:04:12	0:09:37	Lagtime [655]
E	7.020	4.800	21.680	23.320	33.020	26.560	30.140	21.300	29.380	5.860	7.340	6.400	Max V [655]
	1.000	1.000	1.000	1.000	1.000	1.000	1.000	1.000	1.000	1.000	1.000	1.000	R-Squared [655]
	1:22:30	1:22:30	0:07:30	0:07:30	0:02:30	0:02:30	0:02:30	0:07:30	0:07:30	0:57:30	0:57:30	1:52:30	t at Max V [655]
	0:23:26	0:20:28	0:00:20	0:00:13	0:00:00	0:00:00	0:00:00	0:00:17	0:00:24	0:16:51	0:18:26	1:02:58	Lagtime [655]
F	5.760	4.300	17.500	30.320	30.500	31.900	27.280	24.600	23.360	4.720	4.640	4.500	Max V [655]
	1.000	1.000	1.000	1.000	1.000	1.000	1.000	1.000	1.000	1.000	1.000	1.000	R-Squared [655]
	1:22:30	1:22:30	0:12:30	0:02:30	0:02:30	0:02:30	0:07:30	0:07:30	0:07:30	1:12:30	1:22:30	1:02:30	t at Max V [655]
	0:13:34	0:13:10	0:01:04	0:00:00	0:00:00	0:00:00	0:00:07	0:00:13	0:00:22	0:22:10	0:23:04	0:10:00	Lagtime [655]
G	7.240	4.660	14.040	42.340	32.840	43.980	34.140	35.300	24.400	4.680	3.640	5.340	Max V [655]
	1.000	1.000	1.000	1.000	1.000	1.000	1.000	1.000	1.000	1.000	1.000	1.000	R-Squared [655]
	1:07:30	1:22:30	0:17:30	0:07:30	0:07:30	0:02:30	0:07:30	0:07:30	0:12:30	0:57:30	0:52:30	0:57:30	t at Max V [655]
	0:10:17	0:14:45	0:02:35	0:00:15	0:00:37	0:00:00	0:00:28	0:00:25	0:01:15	0:26:44	0:16:52	0:12:19	Lagtime [655]
H	46.940	6.800	6.880	5.560	6.640	6.220	6.460	6.880	7.440	8.120	7.340	27.020	Max V [655]
	1.000	1.000	1.000	1.000	1.000	1.000	1.000	1.000	1.000	1.000	1.000	1.000	R-Squared [655]
	0:02:30	0:47:30	1:32:30	1:32:30	1:47:30	1:37:30	1:47:30	1:22:30	1:27:30	1:17:30	1:22:30	0:07:30	t at Max V [655]
	0:00:00	0:06:11	0:32:05	0:19:55	0:48:22	0:41:04	0:46:51	0:36:47	0:45:55	0:41:43	0:22:15	0:01:04	Lagtime [655]

